0 0.928125 0.71796875 0.1296875 0.5640625
0 0.04609375 0.275 0.01875 0.0875
0 0.11640625 0.2796875 0.0234375 0.0796875
0 0.15390625 0.26875 0.0203125 0.05859375
0 0.21171875 0.26015625 0.025 0.046875
0 0.44375 0.646875 0.21953125 0.7046875
0 0.38203125 0.284375 0.01953125 0.084375
0 0.40546875 0.28359375 0.0234375 0.078125
0 0.49375 0.2765625 0.0203125 0.06640625
0 0.6546875 0.271875 0.01875 0.0328125
0 0.68125 0.29375 0.02734375 0.07421875
0 0.71015625 0.26875 0.01171875 0.0453125
0 0.7765625 0.31015625 0.025 0.05703125
0 0.7921875 0.30546875 0.021875 0.0484375
0 0.825 0.27890625 0.01953125 0.046875
0 0.8296875 0.30859375 0.0203125 0.03125
0 0.84296875 0.2828125 0.015625 0.04921875
0 0.86328125 0.27578125 0.01171875 0.05234375
0 0.896875 0.28359375 0.021875 0.04140625
0 0.99375 0.31015625 0.01171875 0.05234375