0 0.8578125 0.34296875 0.1359375 0.65625
0 0.10625 0.5765625 0.01875 0.13046875
0 0.18828125 0.3953125 0.14453125 0.5875
0 0.25 0.584375 0.03125 0.13515625
0 0.44609375 0.5375 0.0734375 0.24375
0 0.51015625 0.55234375 0.04375 0.22890625
0 0.53984375 0.52265625 0.03046875 0.27578125
0 0.56875 0.4109375 0.0234375 0.05
0 0.58515625 0.50859375 0.053125 0.33046875
0 0.634375 0.4875 0.06640625 0.37578125
0 0.6671875 0.496875 0.03203125 0.33359375
0 0.7046875 0.43046875 0.0828125 0.51953125
0 0.77734375 0.45234375 0.0703125 0.4375
0 0.928125 0.571875 0.04375 0.1453125