0 0.278125 0.7484375 0.21796875 0.50078125
0 0.3234375 0.6203125 0.140625 0.33359375
0 0.36640625 0.559375 0.065625 0.18203125
0 0.3984375 0.59140625 0.0859375 0.240625
0 0.46328125 0.80703125 0.18046875 0.3859375
0 0.47578125 0.603125 0.15625 0.23671875
0 0.44453125 0.46953125 0.028125 0.0546875
0 0.509375 0.509375 0.09296875 0.1734375
0 0.59140625 0.5828125 0.10625 0.23515625
0 0.65 0.82265625 0.20625 0.3546875
0 0.59453125 0.4875 0.071875 0.1234375
0 0.715625 0.65078125 0.14140625 0.2640625
0 0.834375 0.84609375 0.19375 0.3078125
0 0.96015625 0.5046875 0.0546875 0.11015625