1 0.46015625 0.54453125 0.15703125 0.50625
1 0.009375 0.3828125 0.01875 0.059375
1 0.02421875 0.60546875 0.04765625 0.24765625
1 0.02890625 0.4828125 0.0578125 0.140625
1 0.0328125 0.54140625 0.0640625 0.1375
1 0.01875 0.3671875 0.0296875 0.05234375
1 0.04140625 0.45 0.06171875 0.08671875
1 0.04609375 0.42265625 0.071875 0.071875
1 0.03046875 0.3546875 0.01953125 0.05703125
1 0.053125 0.35859375 0.0171875 0.05
1 0.07421875 0.4046875 0.0375 0.08046875
1 0.0859375 0.371875 0.03515625 0.06171875
1 0.0984375 0.365625 0.025 0.071875
1 0.28125 0.3828125 0.009375 0.06328125
1 0.29765625 0.3921875 0.021875 0.08203125
1 0.32109375 0.403125 0.0390625 0.0921875
1 0.3328125 0.421875 0.05390625 0.0875
1 0.328125 0.346875 0.015625 0.00859375
1 0.3375 0.31484375 0.028125 0.03828125
1 0.3546875 0.4359375 0.0578125 0.10546875
1 0.346875 0.3671875 0.0203125 0.02890625
1 0.34453125 0.35625 0.01171875 0.021875
1 0.36640625 0.375 0.028125 0.05859375
1 0.3890625 0.46484375 0.05078125 0.115625
1 0.38203125 0.3765625 0.01640625 0.05
1 0.396875 0.38359375 0.03046875 0.0640625
1 0.42109375 0.39375 0.0328125 0.07578125
1 0.53046875 0.40703125 0.021875 0.07578125
1 0.55625 0.6796875 0.071875 0.4828125
1 0.5671875 0.44765625 0.04609375 0.08515625
1 0.5671875 0.40078125 0.0375 0.075
1 0.571875 0.3296875 0.01171875 0.00546875
1 0.57890625 0.35 0.01640625 0.01484375
1 0.58125 0.34296875 0.0125 0.01875
1 0.5890625 0.378125 0.025 0.0421875
1 0.6 0.4140625 0.04296875 0.07890625
1 0.61640625 0.609375 0.06328125 0.40703125
1 0.64296875 0.33671875 0.096875 0.05
1 0.6078125 0.36015625 0.01640625 0.040625
1 0.65546875 0.36640625 0.02421875 0.021875
1 0.6625 0.37890625 0.01875 0.02890625
1 0.8890625 0.33828125 0.178125 0.05
1 0.8484375 0.5328125 0.07421875 0.24609375
1 0.83125 0.37109375 0.01953125 0.025
1 0.83828125 0.39765625 0.02421875 0.01875
1 0.86484375 0.38671875 0.028125 0.05
1 0.89765625 0.48984375 0.0671875 0.2265625
1 0.89375 0.3765625 0.03203125 0.03828125
1 0.940625 0.44296875 0.05078125 0.17421875
1 0.95390625 0.396875 0.0140625 0.05546875
1 0.965625 0.37109375 0.02734375 0.0515625
1 0.9921875 0.375 0.015625 0.0375