0 0.1390625 0.61328125 0.27734375 0.7734375
0 0.05234375 0.2890625 0.028125 0.046875
0 0.2328125 0.2890625 0.03046875 0.04921875
0 0.26640625 0.29140625 0.04375 0.046875
0 0.30625 0.2921875 0.040625 0.0484375
0 0.3625 0.29375 0.04765625 0.0484375
0 0.50859375 0.2953125 0.0375 0.0546875
0 0.54453125 0.29375 0.034375 0.0484375
0 0.5828125 0.29140625 0.040625 0.05703125
0 0.78203125 0.60234375 0.434375 0.7953125
0 0.62109375 0.29296875 0.0328125 0.046875
0 0.6625 0.29453125 0.0359375 0.05234375
0 0.70546875 0.2921875 0.034375 0.0453125
0 0.93828125 0.24140625 0.03515625 0.053125
0 0.96015625 0.30546875 0.028125 0.08203125