0 0.209375 0.49453125 0.03515625 0.10078125
0 0.25703125 0.478125 0.03046875 0.0453125
0 0.3265625 0.609375 0.1328125 0.47109375
0 0.27265625 0.478125 0.015625 0.03359375
0 0.45390625 0.49609375 0.01640625 0.0203125
0 0.48359375 0.5484375 0.0453125 0.22421875
0 0.56953125 0.63828125 0.15 0.421875
0 0.5171875 0.5515625 0.0328125 0.19453125
0 0.5875 0.47265625 0.01875 0.07578125
0 0.6390625 0.4625 0.05390625 0.0875
0 0.73359375 0.49765625 0.0453125 0.09921875
0 0.75625 0.46171875 0.0265625 0.0515625
0 0.78828125 0.5296875 0.053125 0.1671875
0 0.7953125 0.46484375 0.02734375 0.05703125
0 0.8640625 0.6015625 0.1171875 0.36875
0 0.88828125 0.59921875 0.07890625 0.3703125
0 0.96796875 0.55234375 0.04609375 0.22265625