0 0.075 0.48125 0.14921875 0.9625
0 0.165625 0.703125 0.1828125 0.28671875
0 0.3140625 0.396875 0.0484375 0.4484375
0 0.39140625 0.64453125 0.15625 0.5359375
0 0.38828125 0.29296875 0.05390625 0.27578125
0 0.484375 0.275 0.053125 0.1859375
0 0.540625 0.41875 0.15546875 0.25625
0 0.5125 0.346875 0.040625 0.25625
0 0.6125 0.2953125 0.04609375 0.16171875
0 0.7140625 0.66875 0.234375 0.65859375
0 0.71171875 0.27578125 0.0328125 0.11796875
0 0.79921875 0.25625 0.05 0.196875
0 0.915625 0.66328125 0.165625 0.66953125
0 0.85546875 0.2859375 0.04296875 0.17265625
0 0.884375 0.37890625 0.05625 0.45078125