0 0.0875 0.55078125 0.0265625 0.02890625
0 0.0984375 0.54453125 0.01484375 0.03125
0 0.21875 0.54140625 0.0328125 0.046875
0 0.24375 0.471875 0.03984375 0.04296875
0 0.23671875 0.54140625 0.02421875 0.05234375
0 0.29765625 0.7015625 0.059375 0.23671875
0 0.2984375 0.47109375 0.03046875 0.046875
0 0.3140625 0.546875 0.03515625 0.0390625
0 0.346875 0.54375 0.03046875 0.0453125
0 0.375 0.48125 0.025 0.0328125
0 0.57109375 0.3765625 0.009375 0.0390625
0 0.58125 0.3765625 0.0109375 0.040625
0 0.66953125 0.725 0.0578125 0.1171875
0 0.73359375 0.68125 0.1046875 0.228125
0 0.8609375 0.396875 0.0109375 0.015625
0 0.8625 0.4453125 0.009375 0.015625
0 0.865625 0.61640625 0.0078125 0.0140625
0 0.86953125 0.3390625 0.0109375 0.0171875
0 0.87421875 0.446875 0.0109375 0.0171875
0 0.875 0.50546875 0.0078125 0.015625
0 0.88515625 0.44609375 0.0109375 0.01953125
0 0.8859375 0.55625 0.009375 0.015625
0 0.88984375 0.615625 0.009375 0.015625
0 0.9046875 0.48203125 0.0171875 0.02578125
0 0.9015625 0.615625 0.009375 0.0171875
0 0.90546875 0.3421875 0.0078125 0.0140625