0 0.17890625 0.8609375 0.1453125 0.21875
0 0.0828125 0.9 0.165625 0.1984375
0 0.26640625 0.81328125 0.0703125 0.2
0 0.32890625 0.7921875 0.0640625 0.15625
0 0.50078125 0.68671875 0.3421875 0.0953125
0 0.3859375 0.740625 0.0453125 0.0546875
0 0.409375 0.753125 0.0546875 0.0640625
0 0.47578125 0.7578125 0.0515625 0.103125
0 0.609375 0.846875 0.1 0.2734375
0 0.6890625 0.83203125 0.253125 0.3296875
0 0.68359375 0.7359375 0.0546875 0.1125
0 0.78046875 0.7296875 0.06875 0.115625
0 0.92890625 0.8203125 0.1015625 0.265625