1 0.6359375 0.5484375 0.10625 0.42734375
1 0.0515625 0.2171875 0.04375 0.10546875
1 0.06953125 0.1390625 0.028125 0.06875
1 0.1171875 0.1171875 0.0234375 0.046875
1 0.1515625 0.0546875 0.07421875 0.096875
1 0.153125 0.1375 0.040625 0.0921875
1 0.20078125 0.05625 0.03828125 0.075
1 0.2265625 0.11796875 0.03515625 0.13984375
1 0.25 0.234375 0.0453125 0.078125
1 0.2890625 0.2296875 0.040625 0.078125
1 0.3375 0.23203125 0.0453125 0.0734375
1 0.353125 0.171875 0.0453125 0.10546875
1 0.3953125 0.04453125 0.03515625 0.06875
1 0.5515625 0.04296875 0.04609375 0.0734375
1 0.8703125 0.01640625 0.04296875 0.03203125
1 0.98515625 0.07734375 0.0296875 0.075