0 0.88125 0.63203125 0.19375 0.65
0 0.01875 0.4234375 0.0375 0.0875
0 0.05546875 0.63828125 0.11015625 0.25546875
0 0.1046875 0.60625 0.10859375 0.36328125
0 0.19296875 0.5640625 0.05 0.12734375
0 0.25078125 0.5140625 0.028125 0.07421875
0 0.34765625 0.540625 0.071875 0.421875
0 0.52109375 0.60390625 0.065625 0.51328125
0 0.53125 0.39140625 0.0453125 0.10546875
0 0.5859375 0.38828125 0.05625 0.1171875
0 0.6375 0.421875 0.04609375 0.07265625
0 0.71796875 0.425 0.0234375 0.06640625
0 0.81875 0.36875 0.08125 0.1015625
0 0.9703125 0.6078125 0.05625 0.553125