1 0.03125 0.7640625 0.0625 0.15390625
1 0.12578125 0.65234375 0.0453125 0.08125
1 0.1890625 0.70546875 0.1 0.10625
1 0.1875 0.62578125 0.021875 0.0375
1 0.2453125 0.62734375 0.0125 0.0265625
1 0.26875 0.659375 0.03515625 0.084375
1 0.321875 0.6359375 0.0265625 0.05234375
1 0.35625 0.65703125 0.028125 0.05703125
1 0.51640625 0.92265625 0.1265625 0.15390625
1 0.6328125 0.69140625 0.0546875 0.21796875
1 0.6578125 0.95 0.084375 0.1
1 0.71640625 0.771875 0.08125 0.07421875
1 0.78984375 0.85625 0.03828125 0.07109375
1 0.81171875 0.790625 0.0609375 0.084375