0 0.13515625 0.5234375 0.09453125 0.353125
0 0.228125 0.5890625 0.15703125 0.259375
0 0.22734375 0.49453125 0.09453125 0.165625
0 0.3578125 0.54296875 0.09765625 0.3546875
0 0.4953125 0.73828125 0.175 0.5125
0 0.4734375 0.459375 0.05625 0.17578125
0 0.5359375 0.48515625 0.05 0.17421875
0 0.6078125 0.68515625 0.0796875 0.28125
0 0.58203125 0.48359375 0.02734375 0.17109375
0 0.6765625 0.69296875 0.07421875 0.3203125
0 0.7078125 0.49140625 0.02734375 0.16875
0 0.765625 0.65234375 0.0484375 0.19765625
0 0.75859375 0.49296875 0.01953125 0.1359375
0 0.79296875 0.61640625 0.05078125 0.1203125
0 0.83125 0.49296875 0.0421875 0.1359375
0 0.8375 0.6375 0.03515625 0.19765625
0 0.88125 0.7515625 0.103125 0.40859375
0 0.85390625 0.49296875 0.0265625 0.11015625
0 0.90078125 0.534375 0.03828125 0.0734375
0 0.93125 0.65625 0.0390625 0.22578125
0 0.94296875 0.56171875 0.02421875 0.0953125
0 0.95859375 0.56328125 0.01640625 0.071875
0 0.975 0.6546875 0.034375 0.20234375
0 0.9734375 0.571875 0.01640625 0.071875
0 0.99375 0.72734375 0.01171875 0.3015625
0 0.99453125 0.65 0.0109375 0.22265625