0 0.696875 0.5765625 0.33515625 0.7140625
0 0.08125 0.2390625 0.1046875 0.1140625
0 0.14375 0.565625 0.22265625 0.65703125
0 0.2171875 0.715625 0.36640625 0.509375
0 0.53203125 0.17890625 0.86640625 0.2796875
0 0.16171875 0.178125 0.08515625 0.13359375
0 0.2484375 0.28984375 0.1421875 0.34765625
0 0.4890625 0.459375 0.128125 0.565625
0 0.6265625 0.159375 0.02734375 0.0578125
0 0.684375 0.159375 0.09296875 0.096875
0 0.73671875 0.3046875 0.11640625 0.259375
0 0.8796875 0.40546875 0.18671875 0.3921875