0 0.3015625 0.69609375 0.35078125 0.53984375
0 0.26875 0.4984375 0.265625 0.30234375
0 0.2609375 0.22890625 0.06875 0.0703125
0 0.3375 0.3953125 0.1796875 0.2125
0 0.32109375 0.2625 0.084375 0.1703125
0 0.484375 0.22109375 0.1171875 0.15859375
0 0.78515625 0.5578125 0.4296875 0.88125
0 0.61015625 0.21953125 0.075 0.20390625
0 0.675 0.28515625 0.18125 0.1859375
0 0.684375 0.3640625 0.17109375 0.2328125
0 0.65859375 0.25625 0.0984375 0.1890625
0 0.78203125 0.4140625 0.2078125 0.32421875
0 0.88984375 0.7796875 0.21953125 0.43671875