0 0.3265625 0.5078125 0.10078125 0.30546875
0 0.01640625 0.1296875 0.03203125 0.053125
0 0.04296875 0.634375 0.0859375 0.634375
0 0.0453125 0.08828125 0.0546875 0.05625
0 0.0484375 0.22578125 0.04609375 0.05
0 0.05234375 0.28671875 0.05390625 0.07265625
0 0.053125 0.178125 0.04609375 0.053125
0 0.1 0.18828125 0.04765625 0.07265625
0 0.15 0.5609375 0.14140625 0.1875
0 0.11953125 0.08671875 0.05 0.05625
0 0.13359375 0.2703125 0.05078125 0.06640625
0 0.1265625 0.440625 0.028125 0.0328125
0 0.1453125 0.37109375 0.05625 0.1875
0 0.13984375 0.06796875 0.0296875 0.053125
0 0.146875 0.1765625 0.03515625 0.06015625
0 0.1671875 0.10078125 0.04609375 0.0515625
0 0.19921875 0.43203125 0.0453125 0.053125
0 0.21796875 0.09765625 0.05 0.053125
0 0.23359375 0.209375 0.0546875 0.06171875
0 0.2390625 0.05859375 0.05 0.0546875
0 0.253125 0.39375 0.0625 0.12421875
0 0.29296875 0.27109375 0.05859375 0.09765625
0 0.28203125 0.06015625 0.0328125 0.05625
0 0.29609375 0.1828125 0.05078125 0.053125
0 0.32578125 0.21328125 0.05390625 0.07265625
0 0.346875 0.14296875 0.04375 0.053125
0 0.39296875 0.28984375 0.059375 0.08125
0 0.4109375 0.16328125 0.0421875 0.0515625
0 0.43046875 0.35703125 0.040625 0.109375
0 0.4546875 0.3875 0.06328125 0.11328125
0 0.44921875 0.265625 0.0390625 0.0828125
0 0.46953125 0.0828125 0.03203125 0.12421875
0 0.47265625 0.1125 0.021875 0.125
0 0.51015625 0.13671875 0.03046875 0.125
0 0.54453125 0.128125 0.04765625 0.06171875
0 0.55390625 0.23125 0.05625 0.153125
0 0.5421875 0.09296875 0.025 0.05625
0 0.584375 0.209375 0.0328125 0.1328125
0 0.6 0.0765625 0.03515625 0.05625
0 0.60625 0.02578125 0.0453125 0.0515625
0 0.60703125 0.23046875 0.04609375 0.19921875
0 0.63359375 0.059375 0.02734375 0.059375
0 0.6515625 0.2421875 0.04296875 0.0796875
0 0.659375 0.0265625 0.04609375 0.04140625
0 0.6625 0.15078125 0.03203125 0.06796875
0 0.6734375 0.4 0.0484375 0.06171875
0 0.67109375 0.27265625 0.0328125 0.0796875
0 0.68046875 0.228125 0.03125 0.09609375
0 0.703125 0.29453125 0.05078125 0.08671875
0 0.7 0.13984375 0.03046875 0.059375
0 0.725 0.0765625 0.0375 0.059375
0 0.72734375 0.25390625 0.03984375 0.046875
0 0.75078125 0.2828125 0.03828125 0.06953125
0 0.76640625 0.07265625 0.0390625 0.05
0 0.784375 0.37109375 0.06640625 0.1078125
0 0.7953125 0.1046875 0.0421875 0.04453125
0 0.796875 0.26796875 0.04296875 0.0484375
0 0.8078125 0.18984375 0.0546875 0.075
0 0.821875 0.24609375 0.04296875 0.05
0 0.86640625 0.1578125 0.06171875 0.1328125
0 0.90546875 0.31328125 0.0546875 0.084375
0 0.95625 0.3171875 0.0453125 0.0765625
0 0.97421875 0.3546875 0.0515625 0.096875
0 0.96875 0.1078125 0.0375 0.059375