1 0.02890625 0.37578125 0.02265625 0.0953125
1 0.0296875 0.24453125 0.0234375 0.07890625
1 0.03359375 0.33203125 0.03203125 0.09765625
1 0.03984375 0.28984375 0.04296875 0.0921875
1 0.0640625 0.22109375 0.040625 0.11015625
1 0.0796875 0.3234375 0.05078125 0.09140625
1 0.10390625 0.45703125 0.08515625 0.16015625
1 0.175 0.42890625 0.0671875 0.20546875
1 0.18984375 0.37109375 0.05390625 0.221875
1 0.23203125 0.36796875 0.03984375 0.21875
1 0.25859375 0.21796875 0.0453125 0.20703125
1 0.2984375 0.38828125 0.06875 0.18125
1 0.29921875 0.28046875 0.03203125 0.0953125
1 0.365625 0.3609375 0.03984375 0.1078125
1 0.3921875 0.328125 0.034375 0.0765625
1 0.40703125 0.25 0.05390625 0.1171875
1 0.415625 0.14375 0.05 0.159375
1 0.4578125 0.15078125 0.0390625 0.1796875
1 0.5140625 0.15625 0.0796875 0.20703125
1 0.590625 0.159375 0.0578125 0.19296875
1 0.66328125 0.20078125 0.0703125 0.1046875
1 0.859375 0.19453125 0.05859375 0.103125
1 0.91328125 0.19296875 0.071875 0.09765625