0 0.00859375 0.46875 0.0171875 0.09140625
0 0.04296875 0.79375 0.0859375 0.40234375
0 0.11640625 0.70859375 0.2328125 0.41640625
0 0.0859375 0.61875 0.15625 0.3375
0 0.07421875 0.446875 0.0546875 0.05234375
0 0.13828125 0.5203125 0.1140625 0.15234375
0 0.14375 0.4515625 0.040625 0.07265625
0 0.17734375 0.4625 0.0515625 0.0859375
0 0.2296875 0.6859375 0.1546875 0.43515625
0 0.39765625 0.76953125 0.3578125 0.45546875
0 0.2828125 0.53515625 0.1046875 0.1640625
0 0.3953125 0.82890625 0.265625 0.33984375
0 0.325 0.48828125 0.071875 0.1328125
0 0.39453125 0.415625 0.0609375 0.08359375
0 0.49609375 0.496875 0.1015625 0.1390625
0 0.5703125 0.6203125 0.1875 0.28515625
0 0.56171875 0.4703125 0.0703125 0.0796875
0 0.603125 0.49375 0.0515625 0.11484375
0 0.86484375 0.70703125 0.2625 0.38828125
0 0.7765625 0.496875 0.0546875 0.1109375
0 0.9515625 0.5921875 0.0953125 0.27109375