1 0.01484375 0.546875 0.0296875 0.04921875
1 0.025 0.634375 0.05 0.13125
1 0.0328125 0.6 0.03984375 0.0640625
1 0.09296875 0.5703125 0.02421875 0.03359375
1 0.1 0.5484375 0.00703125 0.01328125
1 0.1390625 0.66328125 0.0828125 0.11328125
1 0.1203125 0.56953125 0.0328125 0.04296875
1 0.12421875 0.51875 0.01640625 0.0171875
1 0.15078125 0.540625 0.0125 0.02578125
1 0.2453125 0.5203125 0.0203125 0.0453125
1 0.2859375 0.553125 0.01875 0.0328125
1 0.315625 0.528125 0.0109375 0.0140625
1 0.334375 0.525 0.01171875 0.0171875
1 0.37421875 0.534375 0.01171875 0.01953125
1 0.403125 0.54375 0.015625 0.02734375
1 0.43125 0.64609375 0.040625 0.16171875
1 0.42734375 0.53359375 0.0125 0.03671875
1 0.45 0.5453125 0.02421875 0.03125
1 0.4671875 0.53671875 0.0109375 0.02109375
1 0.51171875 0.565625 0.0234375 0.0453125
1 0.52421875 0.53671875 0.01171875 0.02109375
1 0.56015625 0.525 0.00859375 0.0171875
1 0.57109375 0.565625 0.028125 0.04296875
1 0.571875 0.5296875 0.0078125 0.02734375
1 0.59609375 0.521875 0.00703125 0.01328125
1 0.6109375 0.5453125 0.01640625 0.02734375
1 0.6359375 0.5484375 0.025 0.0375
1 0.65 0.534375 0.0078125 0.0140625
1 0.6921875 0.6578125 0.06328125 0.1390625
1 0.67265625 0.5296875 0.009375 0.025
1 0.709375 0.52578125 0.0125 0.015625
1 0.75703125 0.6125 0.06328125 0.0953125
1 0.7703125 0.55703125 0.03203125 0.046875
1 0.7953125 0.56875 0.0515625 0.05234375
1 0.7796875 0.51484375 0.0109375 0.021875
1 0.84296875 0.60625 0.05859375 0.08203125
1 0.88203125 0.696875 0.1078125 0.1953125