1 0.35078125 0.75703125 0.09296875 0.4625
1 0.17109375 0.41484375 0.04609375 0.071875
1 0.175 0.309375 0.03203125 0.06328125
1 0.22421875 0.72265625 0.11796875 0.26484375
1 0.1953125 0.5875 0.0390625 0.15546875
1 0.25625 0.428125 0.03828125 0.065625
1 0.259375 0.625 0.04296875 0.190625
1 0.26171875 0.3234375 0.02734375 0.06171875
1 0.49296875 0.45625 0.025 0.0421875
1 0.49296875 0.54453125 0.01953125 0.05859375
1 0.4984375 0.3765625 0.02734375 0.05859375
1 0.603125 0.71875 0.1015625 0.49453125
1 0.64375 0.60390625 0.0203125 0.1359375
1 0.6796875 0.646875 0.053125 0.19921875
1 0.70703125 0.54453125 0.0234375 0.06171875
1 0.70859375 0.44375 0.02421875 0.05859375
1 0.709375 0.346875 0.02734375 0.05859375
1 0.7234375 0.64140625 0.034375 0.2109375
1 0.75 0.65234375 0.040625 0.21796875
1 0.76015625 0.32265625 0.03046875 0.06875
1 0.76015625 0.43203125 0.03046875 0.06171875
1 0.7625 0.54609375 0.025 0.05859375
1 0.95703125 0.66953125 0.05859375 0.3203125