1 0.08671875 0.53125 0.04765625 0.21640625
1 0.13515625 0.5890625 0.07890625 0.346875
1 0.17109375 0.5140625 0.034375 0.18125
1 0.240625 0.5734375 0.0546875 0.30625
1 0.259375 0.4421875 0.03125 0.08515625
1 0.33125 0.553125 0.03046875 0.29609375
1 0.38046875 0.5921875 0.09296875 0.4203125
1 0.43828125 0.5671875 0.05 0.29140625
1 0.4515625 0.5578125 0.0640625 0.24921875
1 0.440625 0.44140625 0.0234375 0.075
1 0.4921875 0.54921875 0.040625 0.23125
1 0.515625 0.5828125 0.0796875 0.325
1 0.55 0.53984375 0.03828125 0.259375
1 0.575 0.5765625 0.06640625 0.2984375
1 0.62578125 0.53359375 0.06328125 0.24453125
1 0.665625 0.6109375 0.1171875 0.40546875
1 0.76484375 0.67265625 0.175 0.5546875
1 0.79765625 0.5828125 0.0421875 0.36875
1 0.8640625 0.58046875 0.1109375 0.390625