0 0.0109375 0.3390625 0.021875 0.05703125
0 0.05703125 0.41328125 0.065625 0.190625
0 0.1234375 0.66796875 0.15 0.64375
0 0.15546875 0.38359375 0.08984375 0.23046875
0 0.290625 0.65390625 0.1625 0.6859375
0 0.35390625 0.34609375 0.06328125 0.1703125
0 0.4078125 0.365625 0.08203125 0.11015625
0 0.47109375 0.62265625 0.18828125 0.60859375
0 0.5453125 0.59375 0.11015625 0.46640625
0 0.6359375 0.34453125 0.05390625 0.1375
0 0.6984375 0.3546875 0.06171875 0.1171875
0 0.7984375 0.45234375 0.0984375 0.38828125
0 0.8765625 0.5234375 0.228125 0.44609375
0 0.9671875 0.359375 0.0421875 0.1875