1 0.04921875 0.55546875 0.09140625 0.2125
1 0.19375 0.63046875 0.3109375 0.3859375
1 0.17421875 0.46171875 0.01796875 0.01953125
1 0.3734375 0.53515625 0.0640625 0.19453125
1 0.41953125 0.52421875 0.03671875 0.1234375
1 0.4671875 0.5203125 0.040625 0.1171875
1 0.5484375 0.53828125 0.0640625 0.165625
1 0.73359375 0.50390625 0.021875 0.09609375
1 0.8296875 0.53125 0.09375 0.17265625
1 0.87265625 0.4921875 0.03671875 0.065625
1 0.91484375 0.6109375 0.103125 0.28203125
1 0.98125 0.63828125 0.0375 0.3078125