0 0.02734375 0.5578125 0.053125 0.2375
0 0.053125 0.11953125 0.05 0.0921875
0 0.07578125 0.575 0.065625 0.17109375
0 0.1140625 0.56640625 0.05625 0.190625
0 0.13359375 0.04765625 0.0453125 0.075
0 0.18359375 0.21015625 0.08984375 0.1921875
0 0.1859375 0.1203125 0.0484375 0.10859375
0 0.2828125 0.05234375 0.11796875 0.10390625
0 0.35 0.64921875 0.1609375 0.2828125
0 0.31953125 0.23046875 0.0625 0.16875
0 0.45546875 0.71484375 0.25859375 0.1875
0 0.3734375 0.1921875 0.078125 0.07734375
0 0.42890625 0.52421875 0.09375 0.31328125
0 0.41171875 0.13515625 0.0421875 0.10078125
0 0.44140625 0.1015625 0.040625 0.0984375
0 0.4859375 0.09453125 0.05078125 0.0984375
0 0.5109375 0.13828125 0.06640625 0.10390625
0 0.596875 0.06328125 0.0546875 0.12578125
0 0.6875 0.1765625 0.071875 0.14765625
0 0.68125 0.1 0.05078125 0.115625
0 0.74921875 0.1671875 0.0859375 0.15234375
0 0.8234375 0.25078125 0.078125 0.1828125
0 0.8453125 0.1640625 0.06640625 0.12578125
0 0.896875 0.04609375 0.08125 0.0921875
0 0.903125 0.1046875 0.0734375 0.115625
0 0.940625 0.25 0.0703125 0.184375
0 0.9671875 0.0578125 0.065625 0.115625
0 0.97890625 0.15703125 0.0421875 0.090625
0 0.97890625 0.2484375 0.0421875 0.1625