0 0.0140625 0.5109375 0.028125 0.053125
0 0.04140625 0.68125 0.06328125 0.421875
0 0.1421875 0.69609375 0.18046875 0.6078125
0 0.08828125 0.50625 0.04609375 0.11953125
0 0.12421875 0.47734375 0.0375 0.0796875
0 0.3421875 0.7078125 0.315625 0.584375
0 0.2125 0.49609375 0.03125 0.04921875
0 0.31953125 0.6890625 0.228125 0.62109375
0 0.2359375 0.5109375 0.046875 0.1
0 0.42734375 0.6015625 0.20234375 0.796875
0 0.51640625 0.4890625 0.0515625 0.1
0 0.5640625 0.63125 0.1046875 0.38515625
0 0.6515625 0.61171875 0.2078125 0.77578125
0 0.6015625 0.4828125 0.025 0.04296875
0 0.69609375 0.2828125 0.1171875 0.334375
0 0.77265625 0.64453125 0.06171875 0.3671875
0 0.7953125 0.596875 0.05625 0.3296875
0 0.89296875 0.70078125 0.2109375 0.5984375
0 0.840625 0.4875 0.04765625 0.06640625
0 0.9703125 0.596875 0.05625 0.32421875