0 0.28671875 0.88984375 0.10625 0.1796875
0 0.02265625 0.878125 0.0453125 0.15
0 0.05078125 0.94375 0.1015625 0.1125
0 0.1546875 0.5921875 0.29765625 0.3078125
0 0.2078125 0.9328125 0.08984375 0.13359375
0 0.3375 0.4765625 0.0296875 0.0421875
0 0.38046875 0.94140625 0.08125 0.11640625
0 0.35859375 0.46484375 0.025 0.059375
0 0.39921875 0.90859375 0.09375 0.1796875
0 0.38671875 0.47109375 0.0328125 0.05234375
0 0.44765625 0.46171875 0.028125 0.04375
0 0.5296875 0.44765625 0.103125 0.07265625
0 0.51484375 0.11484375 0.01640625 0.1015625
0 0.8015625 0.559375 0.39453125 0.3234375
0 0.64375 0.40859375 0.028125 0.07265625
0 0.753125 0.9328125 0.11328125 0.13046875
0 0.9703125 0.90078125 0.05859375 0.19765625