1 0.03984375 0.74609375 0.03828125 0.05703125
1 0.5296875 0.6 0.940625 0.1859375
1 0.165625 0.7796875 0.046875 0.0859375
1 0.196875 0.78515625 0.0546875 0.096875
1 0.23046875 0.79765625 0.0625 0.10390625
1 0.25859375 0.815625 0.0625 0.1171875
1 0.2515625 0.7046875 0.0328125 0.05859375
1 0.30390625 0.9328125 0.1 0.134375
1 0.271875 0.73359375 0.03203125 0.05234375
1 0.2828125 0.69296875 0.021875 0.03203125
1 0.37421875 0.80390625 0.06953125 0.10546875
1 0.40546875 0.8359375 0.09765625 0.17265625
1 0.4765625 0.91953125 0.084375 0.1609375
1 0.475 0.73125 0.0328125 0.0734375
1 0.4890625 0.78359375 0.0453125 0.090625
1 0.55234375 0.93125 0.09296875 0.1375
1 0.56640625 0.63125 0.021875 0.03828125
1 0.61796875 0.784375 0.06640625 0.1421875
1 0.6296875 0.94609375 0.08671875 0.1078125
1 0.60078125 0.634375 0.0203125 0.04375
1 0.63671875 0.690625 0.0390625 0.0890625
1 0.66015625 0.78828125 0.06640625 0.1375
1 0.665625 0.7078125 0.0359375 0.0734375
1 0.71015625 0.79765625 0.075 0.14765625
1 0.70078125 0.62734375 0.0359375 0.06171875
1 0.753125 0.684375 0.028125 0.06171875
1 0.77890625 0.60078125 0.034375 0.040625
1 0.7875 0.7421875 0.04609375 0.0921875
1 0.8140625 0.6015625 0.0296875 0.0421875
1 0.85078125 0.66484375 0.04296875 0.0484375
1 0.903125 0.80078125 0.0734375 0.1328125
1 0.92578125 0.60546875 0.0328125 0.03203125
1 0.9703125 0.59765625 0.03203125 0.046875
1 0.97734375 0.653125 0.040625 0.10390625