1 0.421875 0.46484375 0.103125 0.35703125
1 0.215625 0.30859375 0.0328125 0.0859375
1 0.2671875 0.3328125 0.0375 0.12890625
1 0.30625 0.2921875 0.03203125 0.06640625
1 0.56875 0.3609375 0.05859375 0.1234375
1 0.58671875 0.28359375 0.02734375 0.04140625
1 0.60234375 0.3578125 0.02734375 0.11171875
1 0.6265625 0.35625 0.040625 0.115625
1 0.6203125 0.3046875 0.0234375 0.08359375
1 0.65078125 0.3125 0.0265625 0.08828125
1 0.771875 0.3734375 0.0453125 0.1875
1 0.79140625 0.303125 0.0203125 0.08203125
1 0.86484375 0.334375 0.03984375 0.1078125
1 0.94609375 0.3671875 0.03125 0.1796875
1 0.9703125 0.2921875 0.01875 0.040625