0 0.87421875 0.3703125 0.1 0.21171875
0 0.10546875 0.25390625 0.0640625 0.10078125
0 0.09453125 0.2421875 0.025 0.0375
0 0.296875 0.321875 0.0875 0.2671875
0 0.353125 0.3390625 0.0546875 0.23203125
0 0.3875 0.27421875 0.03828125 0.08984375
0 0.3953125 0.34140625 0.0484375 0.17890625
0 0.45390625 0.30234375 0.04609375 0.078125
0 0.6203125 0.30234375 0.0375 0.06484375
0 0.7125 0.35625 0.0328125 0.19609375
0 0.80703125 0.38359375 0.03984375 0.21171875
0 0.92890625 0.49140625 0.0875 0.49296875
0 0.9578125 0.50859375 0.08203125 0.55234375