1 0.02265625 0.1234375 0.0453125 0.13359375
1 0.053125 0.11015625 0.03515625 0.10859375
1 0.08359375 0.1046875 0.0578125 0.1234375
1 0.1453125 0.4828125 0.0984375 0.42265625
1 0.12578125 0.115625 0.0375 0.13046875
1 0.19296875 0.09921875 0.0265625 0.1125
1 0.22109375 0.43828125 0.07890625 0.36015625
1 0.29375 0.5125 0.175 0.40234375
1 0.26640625 0.1390625 0.046875 0.13203125
1 0.284375 0.46640625 0.07109375 0.36328125
1 0.42890625 0.446875 0.05625 0.346875
1 0.46484375 0.45078125 0.08984375 0.37421875
1 0.509375 0.440625 0.0546875 0.3234375
1 0.54921875 0.446875 0.075 0.40390625
1 0.5875 0.46875 0.07734375 0.39453125
1 0.6546875 0.16640625 0.034375 0.16015625