0 0.009375 0.55 0.01875 0.0859375
0 0.0265625 0.6640625 0.053125 0.296875
0 0.1453125 0.765625 0.11875 0.23984375
0 0.12578125 0.5875 0.046875 0.1484375
0 0.17578125 0.60390625 0.0375 0.16875
0 0.29609375 0.7640625 0.24375 0.47109375
0 0.40546875 0.60546875 0.0921875 0.19453125
0 0.41875 0.5578125 0.0234375 0.03828125
0 0.5046875 0.5921875 0.03515625 0.10703125
0 0.525 0.63203125 0.05859375 0.1984375
0 0.75390625 0.7375 0.38125 0.52421875
0 0.5984375 0.62109375 0.04375 0.21015625
0 0.65 0.653125 0.05625 0.19453125