1 0.6609375 0.534375 0.08671875 0.2328125
1 0.09765625 0.49375 0.0703125 0.14375
1 0.153125 0.490625 0.06171875 0.16484375
1 0.19609375 0.5109375 0.05078125 0.13359375
1 0.22421875 0.51015625 0.075 0.153125
1 0.45390625 0.48671875 0.04765625 0.21015625
1 0.47109375 0.5359375 0.04765625 0.171875
1 0.52421875 0.3859375 0.025 0.0640625
1 0.540625 0.3875 0.01875 0.0625
1 0.56015625 0.41171875 0.04765625 0.15625
1 0.73203125 0.35703125 0.07734375 0.25859375
1 0.796875 0.36484375 0.05859375 0.3125
1 0.83125 0.5453125 0.0453125 0.215625
1 0.9703125 0.4875 0.059375 0.36484375
1 0.98203125 0.5953125 0.0359375 0.2046875