1 0.909375 0.8046875 0.17578125 0.34140625
1 0.02890625 0.57265625 0.0578125 0.134375
1 0.025 0.47265625 0.02421875 0.05546875
1 0.04921875 0.5625 0.05 0.10546875
1 0.1421875 0.5265625 0.0296875 0.07734375
1 0.2921875 0.55546875 0.03515625 0.10078125
1 0.58515625 0.51640625 0.0703125 0.17734375
1 0.58984375 0.546875 0.05078125 0.11015625
1 0.590625 0.51171875 0.040625 0.07734375
1 0.6671875 0.50625 0.03984375 0.07890625
1 0.6875 0.51015625 0.0453125 0.0921875
1 0.7109375 0.66875 0.0875 0.19921875
1 0.7171875 0.54296875 0.02265625 0.0640625
1 0.76796875 0.59453125 0.08515625 0.1140625
1 0.82109375 0.6859375 0.15 0.24140625
1 0.76875 0.5171875 0.03125 0.04375
1 0.8140625 0.5296875 0.040625 0.07890625
1 0.9390625 0.52265625 0.040625 0.096875
1 0.96328125 0.6296875 0.0734375 0.15234375