0 0.053125 0.41328125 0.10546875 0.3765625
0 0.49921875 0.59140625 0.9984375 0.8171875
0 0.05078125 0.278125 0.025 0.071875
0 0.25078125 0.571875 0.4140625 0.853125
0 0.0609375 0.28984375 0.0234375 0.0796875
0 0.134375 0.29296875 0.025 0.09375
0 0.18671875 0.290625 0.0296875 0.10546875
0 0.39765625 0.28359375 0.01953125 0.11953125
0 0.4421875 0.26328125 0.03203125 0.07265625
0 0.80859375 0.67578125 0.38125 0.640625
0 0.63828125 0.2328125 0.01875 0.0453125
0 0.80546875 0.346875 0.2875 0.44921875
0 0.81875 0.2359375 0.0421875 0.125
0 0.8421875 0.21484375 0.0140625 0.046875
0 0.93046875 0.2921875 0.0546875 0.228125
0 0.984375 0.31875 0.03125 0.290625