0 0.40234375 0.515625 0.19921875 0.76328125
0 0.475 0.271875 0.0828125 0.16015625
0 0.56328125 0.315625 0.1046875 0.228125
0 0.57109375 0.2796875 0.01953125 0.1078125
0 0.65546875 0.28515625 0.0359375 0.08828125
0 0.65234375 0.30625 0.02734375 0.0484375
0 0.68984375 0.28671875 0.02421875 0.09375
0 0.74921875 0.29140625 0.021875 0.07265625
0 0.7671875 0.2875 0.021875 0.0625
0 0.7875 0.29140625 0.028125 0.0703125
0 0.803125 0.28671875 0.025 0.04921875
0 0.825 0.290625 0.021875 0.071875
0 0.878125 0.2921875 0.0890625 0.2171875
0 0.91015625 0.30625 0.0296875 0.0484375
0 0.95 0.3046875 0.0296875 0.06015625
0 0.98359375 0.303125 0.0265625 0.04921875