0 0.20859375 0.67578125 0.3796875 0.609375
0 0.02421875 0.39375 0.0484375 0.09765625
0 0.0296875 0.28125 0.059375 0.16171875
0 0.115625 0.2828125 0.05078125 0.1421875
0 0.128125 0.36328125 0.0703125 0.08359375
0 0.190625 0.37421875 0.05625 0.0796875
0 0.29375 0.51015625 0.10859375 0.16171875
0 0.27421875 0.275 0.0578125 0.078125
0 0.29375 0.340625 0.071875 0.0875
0 0.31875 0.4140625 0.09453125 0.109375
0 0.315625 0.2296875 0.04765625 0.09765625
0 0.3328125 0.4828125 0.0703125 0.12734375
0 0.3296875 0.2734375 0.05625 0.08046875
0 0.34453125 0.203125 0.0375 0.0703125
0 0.38359375 0.4421875 0.0671875 0.1390625
0 0.3859375 0.340625 0.0734375 0.0875
0 0.4484375 0.27890625 0.07109375 0.0859375
0 0.44453125 0.2234375 0.06171875 0.06640625
0 0.4625 0.33671875 0.06171875 0.0875
0 0.5140625 0.33828125 0.065625 0.11953125
0 0.528125 0.21328125 0.05390625 0.08046875
0 0.58671875 0.50625 0.13671875 0.3046875
0 0.625 0.44921875 0.2046875 0.25
0 0.5875 0.22265625 0.06640625 0.08046875
0 0.59921875 0.2796875 0.07734375 0.1
0 0.59453125 0.334375 0.0609375 0.11171875
0 0.65625 0.2171875 0.053125 0.084375
0 0.70859375 0.3078125 0.0828125 0.1859375
0 0.71796875 0.40078125 0.09453125 0.18984375
0 0.8453125 0.5734375 0.3078125 0.85
0 0.81796875 0.51328125 0.23125 0.140625
0 0.7390625 0.21640625 0.06328125 0.07578125
0 0.846875 0.29375 0.07890625 0.13125