0 0.471875 0.571875 0.51484375 0.7515625
0 0.0640625 0.03125 0.1015625 0.0625
0 0.0671875 0.58203125 0.028125 0.09453125
0 0.0921875 0.59296875 0.028125 0.1515625
0 0.1265625 0.29765625 0.0484375 0.14921875
0 0.1328125 0.58671875 0.0546875 0.16640625
0 0.290625 0.04296875 0.053125 0.0859375
0 0.28984375 0.29453125 0.040625 0.14140625
0 0.3140625 0.3015625 0.0390625 0.12421875
0 0.3484375 0.309375 0.0453125 0.12578125
0 0.37265625 0.3046875 0.01640625 0.115625
0 0.4 0.2921875 0.03515625 0.16640625
0 0.50546875 0.05 0.0484375 0.1
0 0.54765625 0.04765625 0.04375 0.09453125
0 0.58359375 0.05234375 0.0390625 0.1046875
0 0.61796875 0.05859375 0.0453125 0.11640625
0 0.65859375 0.0625 0.0390625 0.125
0 0.68828125 0.4140625 0.02734375 0.1828125
0 0.7 0.05859375 0.04375 0.11640625
0 0.7359375 0.065625 0.0296875 0.13125
0 0.740625 0.41640625 0.02734375 0.18515625
0 0.76640625 0.06953125 0.03046875 0.1390625
0 0.79375 0.06796875 0.03515625 0.1359375
0 0.834375 0.071875 0.0328125 0.14140625
0 0.86328125 0.40390625 0.03515625 0.18515625
0 0.86875 0.07265625 0.046875 0.1453125
0 0.9546875 0.7171875 0.08984375 0.509375
0 0.9515625 0.10234375 0.01640625 0.09609375
0 0.96796875 0.10390625 0.0203125 0.08203125
0 0.98515625 0.109375 0.01875 0.07890625