0 0.92890625 0.69921875 0.11796875 0.5625
0 0.03359375 0.47421875 0.0671875 0.3390625
0 0.0859375 0.60546875 0.11328125 0.4890625
0 0.14140625 0.309375 0.09765625 0.2
0 0.209375 0.68671875 0.1640625 0.54921875
0 0.20234375 0.4234375 0.11640625 0.33984375
0 0.3203125 0.55859375 0.13125 0.5078125
0 0.41171875 0.76015625 0.19453125 0.47734375
0 0.47734375 0.634375 0.1578125 0.5609375
0 0.53203125 0.5609375 0.1015625 0.465625
0 0.6578125 0.66171875 0.17109375 0.46953125
0 0.7140625 0.640625 0.1640625 0.565625
0 0.88359375 0.44453125 0.1078125 0.3125