0 0.8 0.83515625 0.14140625 0.31875
0 0.1546875 0.82578125 0.053125 0.1953125
0 0.2390625 0.81953125 0.0453125 0.1890625
0 0.28203125 0.815625 0.053125 0.209375
0 0.33515625 0.79765625 0.0375 0.1421875
0 0.35546875 0.78671875 0.02734375 0.09921875
0 0.415625 0.78828125 0.02734375 0.103125
0 0.475 0.821875 0.05859375 0.2171875
0 0.6359375 0.78203125 0.03203125 0.1078125
0 0.69453125 0.8234375 0.0609375 0.2171875
0 0.87578125 0.7296875 0.0484375 0.0609375
0 0.91875 0.76796875 0.05390625 0.15859375