0 0.0140625 0.215625 0.02734375 0.05859375
0 0.05625 0.23828125 0.04375 0.121875
0 0.0796875 0.3640625 0.059375 0.25
0 0.1140625 0.37265625 0.06640625 0.27890625
0 0.2015625 0.60625 0.2328125 0.39921875
0 0.1078125 0.24296875 0.03828125 0.1421875
0 0.1734375 0.346875 0.05390625 0.23515625
0 0.1671875 0.21796875 0.034375 0.06640625
0 0.1890625 0.21015625 0.0234375 0.05546875
0 0.2234375 0.4671875 0.06171875 0.22890625
0 0.21953125 0.340625 0.04765625 0.22578125
0 0.2484375 0.22578125 0.05078125 0.0953125
0 0.259375 0.4390625 0.0390625 0.0734375
0 0.29296875 0.475 0.05625 0.1921875
0 0.30390625 0.278125 0.071875 0.15390625
0 0.33515625 0.221875 0.040625 0.08203125
0 0.34140625 0.43515625 0.03203125 0.11875
0 0.4109375 0.44296875 0.096875 0.121875
0 0.44453125 0.36171875 0.0421875 0.11328125
0 0.4609375 0.43203125 0.06640625 0.13515625
0 0.515625 0.4546875 0.053125 0.11328125
0 0.56015625 0.58671875 0.128125 0.31015625
0 0.5328125 0.33046875 0.05625 0.11484375
0 0.55078125 0.46953125 0.06640625 0.16875
0 0.653125 0.5296875 0.22265625 0.5328125
0 0.58671875 0.31484375 0.0375 0.071875
0 0.59453125 0.35859375 0.03046875 0.08828125
0 0.71015625 0.44921875 0.0375 0.140625
0 0.809375 0.39296875 0.07890625 0.1953125
0 0.8265625 0.4765625 0.0796875 0.0984375
0 0.93046875 0.58125 0.1375 0.44375
0 0.89609375 0.3921875 0.06171875 0.11484375
0 0.89375 0.33984375 0.053125 0.121875
0 0.8921875 0.45703125 0.040625 0.11328125
0 0.9359375 0.63828125 0.128125 0.28671875
0 0.940625 0.35234375 0.03828125 0.1265625