1 0.09921875 0.8796875 0.0921875 0.240625
1 0.13671875 0.7046875 0.0390625 0.0921875
1 0.165625 0.8375 0.06328125 0.19296875
1 0.25859375 0.84609375 0.065625 0.24453125
1 0.34296875 0.90390625 0.1296875 0.1921875
1 0.3328125 0.75234375 0.04609375 0.109375
1 0.43203125 0.9421875 0.0578125 0.115625
1 0.440625 0.709375 0.034375 0.084375
1 0.4765625 0.94296875 0.071875 0.11171875
1 0.47734375 0.803125 0.059375 0.17734375
1 0.57578125 0.8109375 0.07734375 0.25546875
1 0.6140625 0.70078125 0.053125 0.13046875
1 0.6296875 0.7171875 0.0375 0.10546875
1 0.66640625 0.778125 0.075 0.18359375
1 0.6546875 0.8359375 0.05 0.06796875
1 0.721875 0.7390625 0.06328125 0.15
1 0.79375 0.7640625 0.07421875 0.09765625
1 0.84140625 0.87265625 0.07890625 0.15390625
1 0.90703125 0.7671875 0.04765625 0.15
1 0.9625 0.8984375 0.07421875 0.203125