0 0.425 0.21171875 0.0859375 0.31953125
0 0.08671875 0.18046875 0.0546875 0.284375
0 0.1171875 0.16328125 0.02734375 0.125
0 0.29921875 0.7421875 0.1546875 0.515625
0 0.3359375 0.2828125 0.05625 0.18125
0 0.3765625 0.1859375 0.02421875 0.0625
0 0.4546875 0.496875 0.11640625 0.3671875
0 0.56171875 0.2390625 0.04609375 0.15625
0 0.6484375 0.07578125 0.0328125 0.0984375
0 0.70859375 0.2671875 0.10625 0.534375
0 0.6796875 0.0703125 0.0140625 0.0734375
0 0.80859375 0.13671875 0.0140625 0.0625
0 0.82578125 0.1453125 0.0203125 0.0578125
0 0.91875 0.10859375 0.01875 0.06484375