0 0.0546875 0.259375 0.09375 0.2015625
0 0.1640625 0.259375 0.1 0.20703125
0 0.48203125 0.68046875 0.6359375 0.6390625
0 0.25 0.253125 0.0921875 0.17578125
0 0.35859375 0.40703125 0.26640625 0.4203125
0 0.253125 0.2 0.034375 0.103125
0 0.31171875 0.296875 0.134375 0.2421875
0 0.44453125 0.253125 0.15703125 0.165625
0 0.4328125 0.2 0.04375 0.103125
0 0.54765625 0.32109375 0.11328125 0.2484375
0 0.6609375 0.42421875 0.21484375 0.45078125
0 0.7328125 0.24609375 0.0640625 0.1328125
0 0.9640625 0.2328125 0.07109375 0.10703125