0 0.146875 0.6046875 0.29296875 0.68125
0 0.31796875 0.6046875 0.6359375 0.7875
0 0.04765625 0.24296875 0.08671875 0.165625
0 0.14375 0.18046875 0.06328125 0.0953125
0 0.17265625 0.21484375 0.0890625 0.109375
0 0.265625 0.25703125 0.13125 0.19375
0 0.39375 0.2046875 0.0671875 0.12734375
0 0.47265625 0.20625 0.0453125 0.05625
0 0.5078125 0.165625 0.0640625 0.0875
0 0.53984375 0.3578125 0.11796875 0.3203125
0 0.765625 0.5390625 0.46875 0.921875
0 0.65390625 0.42734375 0.21796875 0.58046875
0 0.59375 0.23828125 0.08984375 0.24765625
0 0.90703125 0.13125 0.07890625 0.13828125
0 0.9515625 0.17421875 0.09453125 0.203125
0 0.9875 0.09296875 0.02265625 0.134375