0 0.00859375 0.50390625 0.01640625 0.3453125
0 0.0609375 0.6 0.121875 0.8
0 0.24296875 0.578125 0.2953125 0.84375
0 0.384375 0.653125 0.08984375 0.69375
0 0.46171875 0.621875 0.13984375 0.75625
0 0.4234375 0.38046875 0.0390625 0.13671875
0 0.56796875 0.63828125 0.06171875 0.5765625
0 0.6265625 0.64609375 0.09296875 0.63125
0 0.65546875 0.46953125 0.034375 0.16328125
0 0.725 0.525 0.040625 0.24375
0 0.7875 0.5265625 0.053125 0.26484375
0 0.8328125 0.52109375 0.0390625 0.2484375
0 0.92890625 0.51875 0.05 0.246875