0 0.21484375 0.6875 0.2546875 0.5609375
0 0.03203125 0.67421875 0.0640625 0.38984375
0 0.0296875 0.50234375 0.028125 0.0359375
0 0.1078125 0.4984375 0.03046875 0.03046875
0 0.14140625 0.5015625 0.05390625 0.071875
0 0.16171875 0.515625 0.0953125 0.078125
0 0.38046875 0.47734375 0.0171875 0.01875
0 0.53046875 0.4734375 0.01328125 0.009375
0 0.54609375 0.48359375 0.03515625 0.02734375
0 0.5875 0.475 0.05546875 0.040625
0 0.5859375 0.478125 0.04375 0.040625
0 0.61953125 0.46875 0.03828125 0.025
0 0.6296875 0.4703125 0.0203125 0.0109375
0 0.66015625 0.4734375 0.040625 0.03046875
0 0.68984375 0.46953125 0.01484375 0.01875
0 0.97265625 0.51953125 0.05390625 0.15