0 0.51875 0.503125 0.10546875 0.275
0 0.00859375 0.37890625 0.0171875 0.109375
0 0.090625 0.57109375 0.18125 0.32421875
0 0.053125 0.3578125 0.02421875 0.046875
0 0.08359375 0.3734375 0.03203125 0.0625
0 0.11640625 0.36953125 0.0375 0.0953125
0 0.175 0.3234375 0.0703125 0.07734375
0 0.17421875 0.37109375 0.0265625 0.06796875
0 0.2203125 0.5296875 0.10078125 0.34375
0 0.23515625 0.325 0.0375 0.0625
0 0.27421875 0.35390625 0.02421875 0.046875
0 0.31328125 0.36796875 0.04765625 0.08671875
0 0.3921875 0.56796875 0.16875 0.2875
0 0.34921875 0.440625 0.08125 0.1578125
0 0.334375 0.34375 0.03046875 0.05234375
0 0.365625 0.36875 0.04609375 0.0828125
0 0.3828125 0.35625 0.021875 0.046875
0 0.403125 0.35703125 0.028125 0.059375
0 0.46171875 0.34140625 0.04375 0.07734375
0 0.46171875 0.3640625 0.0328125 0.0953125
0 0.4921875 0.34609375 0.0171875 0.0375
0 0.6109375 0.6421875 0.19921875 0.4171875
0 0.56015625 0.35 0.02265625 0.034375
0 0.5828125 0.36875 0.028125 0.05
0 0.6078125 0.353125 0.0265625 0.0375
0 0.64375 0.3953125 0.0421875 0.07734375
0 0.6375 0.35 0.01953125 0.03984375
0 0.6609375 0.36015625 0.03046875 0.0703125
0 0.69296875 0.371875 0.02265625 0.059375
0 0.73125 0.41953125 0.07890625 0.08984375
0 0.71484375 0.3765625 0.0390625 0.084375
0 0.73125 0.5703125 0.071875 0.2625
0 0.76796875 0.36484375 0.03046875 0.07421875
0 0.778125 0.40390625 0.03515625 0.0953125
0 0.8265625 0.39921875 0.04375 0.1296875
0 0.90390625 0.61796875 0.18828125 0.32734375
0 0.94375 0.36171875 0.03203125 0.05546875
0 0.975 0.42265625 0.04609375 0.1578125