0 0.36484375 0.509375 0.309375 0.98046875
0 0.134375 0.49921875 0.26875 0.9984375
0 0.18984375 0.46328125 0.20625 0.84375
0 0.20234375 0.20546875 0.0203125 0.0625
0 0.4296875 0.2671875 0.15234375 0.52890625
0 0.525 0.2953125 0.0609375 0.36171875
0 0.59296875 0.3578125 0.11875 0.46328125
0 0.54609375 0.14921875 0.01875 0.06640625
0 0.5765625 0.15625 0.06328125 0.12265625
0 0.56875 0.146875 0.0078125 0.05234375
0 0.66640625 0.35078125 0.06171875 0.475
0 0.8203125 0.82890625 0.359375 0.3421875
0 0.8765625 0.58125 0.0875 0.1265625