0 0.0375 0.815625 0.075 0.27265625
0 0.05078125 0.30625 0.1015625 0.2546875
0 0.03046875 0.5578125 0.0578125 0.2546875
0 0.05 0.39765625 0.09296875 0.26484375
0 0.05546875 0.709375 0.103125 0.21484375
0 0.0921875 0.5359375 0.0984375 0.17578125
0 0.15234375 0.7078125 0.11875 0.15703125
0 0.190625 0.66484375 0.17265625 0.21640625
0 0.190625 0.4796875 0.15234375 0.43515625
0 0.1734375 0.30078125 0.115625 0.27109375
0 0.26875 0.87421875 0.17890625 0.234375
0 0.22421875 0.24921875 0.034375 0.1109375
0 0.26875 0.4875 0.1 0.421875
0 0.284375 0.26328125 0.12578125 0.23125
0 0.2984375 0.65078125 0.08984375 0.203125
0 0.3578125 0.390625 0.1015625 0.278125
0 0.378125 0.23203125 0.08984375 0.22109375
0 0.440625 0.80625 0.215625 0.31484375
0 0.446875 0.425 0.1125 0.28828125
0 0.465625 0.2703125 0.096875 0.21796875
0 0.53828125 0.396875 0.1296875 0.275
0 0.55546875 0.55234375 0.1078125 0.259375
0 0.5453125 0.25390625 0.0609375 0.20078125
0 0.62890625 0.78203125 0.16015625 0.2546875
0 0.61796875 0.2796875 0.125 0.278125
0 0.63515625 0.428125 0.11015625 0.259375
0 0.67890625 0.5390625 0.125 0.22265625
0 0.74921875 0.82265625 0.2625 0.3546875
0 0.70234375 0.31015625 0.06953125 0.2515625
0 0.74609375 0.21015625 0.0453125 0.11875
0 0.7953125 0.53203125 0.128125 0.1828125
0 0.8 0.284375 0.121875 0.321875
0 0.86953125 0.79140625 0.17109375 0.31796875
0 0.91640625 0.5203125 0.10234375 0.1921875
0 0.9796875 0.4828125 0.0390625 0.12890625