0 0.14765625 0.58515625 0.2765625 0.11953125
0 0.16875 0.62890625 0.2984375 0.1421875
0 0.21953125 0.71484375 0.35859375 0.209375
0 0.20390625 0.39296875 0.1625 0.1015625
0 0.2671875 0.42734375 0.190625 0.1234375
0 0.290625 0.44375 0.178125 0.13671875
0 0.39609375 0.7796875 0.3859375 0.11640625
0 0.309375 0.475 0.18359375 0.1515625
0 0.3875 0.484375 0.18359375 0.14609375
0 0.5046875 0.54140625 0.19609375 0.16640625
0 0.57109375 0.55546875 0.259375 0.21328125
0 0.53984375 0.26640625 0.06875 0.40078125
0 0.65703125 0.60625 0.234375 0.2265625
0 0.7578125 0.6671875 0.26171875 0.215625
0 0.675 0.20234375 0.08125 0.16640625
0 0.83203125 0.74609375 0.2421875 0.21328125
0 0.76328125 0.1796875 0.090625 0.14765625
0 0.89140625 0.74296875 0.1828125 0.17578125