0 0.85078125 0.7828125 0.22265625 0.38515625
0 0.0328125 0.5453125 0.065625 0.3
0 0.05390625 0.8140625 0.1078125 0.365625
0 0.15390625 0.828125 0.18671875 0.33515625
0 0.10625 0.5125 0.034375 0.1546875
0 0.2703125 0.875 0.29765625 0.24921875
0 0.228125 0.46328125 0.0234375 0.059375
0 0.25078125 0.50625 0.0328125 0.0796875
0 0.28046875 0.55390625 0.04609375 0.08984375
0 0.30546875 0.5078125 0.04375 0.11953125
0 0.346875 0.49609375 0.03203125 0.0515625
0 0.35390625 0.5484375 0.0421875 0.053125
0 0.41953125 0.6140625 0.1125 0.1640625
0 0.38671875 0.5046875 0.040625 0.103125
0 0.39921875 0.540625 0.03046875 0.0578125
0 0.4171875 0.61796875 0.04765625 0.17734375
0 0.4234375 0.4953125 0.03046875 0.05625
0 0.459375 0.503125 0.03515625 0.09765625
0 0.5328125 0.625 0.13203125 0.2046875
0 0.48203125 0.5375 0.028125 0.0578125
0 0.5 0.54375 0.0390625 0.06953125
0 0.525 0.60625 0.075 0.159375
0 0.534375 0.671875 0.071875 0.19296875
0 0.61796875 0.603125 0.06953125 0.16796875
0 0.6140625 0.55234375 0.03828125 0.08984375
0 0.6625 0.61171875 0.0703125 0.184375
0 0.74765625 0.73046875 0.17265625 0.33515625
0 0.721875 0.5484375 0.0296875 0.0734375
0 0.74921875 0.5390625 0.0234375 0.04609375
0 0.75390625 0.55 0.021875 0.04140625
0 0.77109375 0.54453125 0.0203125 0.0296875
0 0.8171875 0.57265625 0.0328125 0.11171875
0 0.81796875 0.5140625 0.003125 0.01953125
0 0.83125 0.54140625 0.021875 0.04453125
0 0.84453125 0.53046875 0.015625 0.04296875
0 0.865625 0.53828125 0.0234375 0.05
0 0.86171875 0.52109375 0.01484375 0.025
0 0.88046875 0.5703125 0.0359375 0.08125
0 0.9125 0.58984375 0.04375 0.109375
0 0.90859375 0.52890625 0.01484375 0.01953125
0 0.953125 0.86484375 0.09375 0.26953125
0 0.9171875 0.540625 0.01953125 0.021875
0 0.95 0.56328125 0.0328125 0.05625
0 0.978125 0.57890625 0.04296875 0.1015625
0 0.965625 0.54765625 0.01484375 0.0515625
0 0.9828125 0.68125 0.034375 0.09453125
0 0.99296875 0.5578125 0.0125 0.053125
0 0.99765625 0.521875 0.003125 0.00859375