0 0.02421875 0.47421875 0.04765625 0.16328125
0 0.13359375 0.79609375 0.26640625 0.4046875
0 0.31015625 0.73671875 0.13359375 0.35
0 0.39921875 0.60078125 0.07734375 0.18125
0 0.41328125 0.49375 0.0625 0.1015625
0 0.53828125 0.60859375 0.12578125 0.146875
0 0.65546875 0.79375 0.29609375 0.40859375
0 0.7328125 0.53671875 0.0671875 0.1
0 0.8015625 0.521875 0.0546875 0.15859375
0 0.8484375 0.60546875 0.071875 0.125
0 0.9015625 0.628125 0.09296875 0.18828125
0 0.94609375 0.6578125 0.10546875 0.228125