0 0.20859375 0.3921875 0.096875 0.296875
0 0.040625 0.45859375 0.07421875 0.1359375
0 0.1 0.81328125 0.128125 0.36953125
0 0.13046875 0.38515625 0.075 0.2671875
0 0.20234375 0.6703125 0.0953125 0.23984375
0 0.28828125 0.81328125 0.14453125 0.3734375
0 0.25390625 0.34453125 0.0328125 0.1359375
0 0.32109375 0.38671875 0.0875 0.3421875
0 0.4390625 0.18671875 0.05078125 0.1765625
0 0.45625 0.37890625 0.065625 0.20078125
0 0.503125 0.46328125 0.0625 0.16484375
0 0.54765625 0.15625 0.0390625 0.08046875
0 0.565625 0.48125 0.040625 0.1453125
0 0.59453125 0.7546875 0.08203125 0.4875
0 0.61875 0.11953125 0.0609375 0.14921875
0 0.61796875 0.43046875 0.025 0.07890625
0 0.678125 0.45546875 0.0375 0.11015625
0 0.728125 0.44765625 0.03125 0.1375
0 0.7609375 0.1953125 0.0546875 0.1671875
0 0.77265625 0.41328125 0.03828125 0.0921875
0 0.7984375 0.44765625 0.0375 0.121875
0 0.8625 0.625 0.1015625 0.38515625
0 0.9296875 0.74765625 0.140625 0.5046875
0 0.928125 0.571875 0.07890625 0.3578125