1 0.146875 0.46171875 0.0296875 0.0484375
1 0.25234375 0.26796875 0.06171875 0.1578125
1 0.2578125 0.34453125 0.05859375 0.1921875
1 0.30234375 0.50859375 0.0734375 0.121875
1 0.29921875 0.5984375 0.04765625 0.0984375
1 0.3171875 0.35078125 0.06875 0.2359375
1 0.34609375 0.2203125 0.05390625 0.14765625
1 0.36796875 0.40078125 0.05625 0.15390625
1 0.45390625 0.2703125 0.06640625 0.15390625
1 0.459375 0.07734375 0.04375 0.1546875
1 0.49375 0.49921875 0.040625 0.134375
1 0.528125 0.36640625 0.04609375 0.12734375
1 0.546875 0.05625 0.0703125 0.1125
1 0.584375 0.734375 0.07890625 0.209375
1 0.5953125 0.28671875 0.08125 0.1671875
1 0.5828125 0.49765625 0.05 0.10546875
1 0.603125 0.12421875 0.0703125 0.21640625
1 0.60859375 0.43046875 0.071875 0.134375
1 0.6296875 0.3625 0.05 0.121875
1 0.65078125 0.24140625 0.04375 0.090625
1 0.68125 0.46171875 0.059375 0.1828125
1 0.7171875 0.56796875 0.065625 0.2078125
1 0.82265625 0.2015625 0.075 0.1359375
1 0.82890625 0.5484375 0.0671875 0.2265625
1 0.934375 0.57734375 0.07734375 0.25625
1 0.96796875 0.4328125 0.0640625 0.1390625
1 0.96796875 0.1453125 0.0609375 0.10859375
1 0.9859375 0.5171875 0.02734375 0.115625