0 0.034375 0.24765625 0.06875 0.1171875
0 0.0765625 0.7359375 0.153125 0.52578125
0 0.0953125 0.4453125 0.06640625 0.12734375
0 0.1109375 0.33984375 0.0796875 0.28671875
0 0.2046875 0.46015625 0.090625 0.17578125
0 0.278125 0.46015625 0.08984375 0.20703125
0 0.578125 0.5484375 0.05078125 0.0859375
0 0.63125 0.56484375 0.0515625 0.0546875
0 0.659375 0.51640625 0.071875 0.07421875
0 0.7734375 0.4984375 0.0875 0.1546875
0 0.790625 0.365625 0.05546875 0.2171875
0 0.8734375 0.5296875 0.1078125 0.16640625
0 0.9546875 0.53359375 0.06953125 0.1796875