1 0.5625 0.67578125 0.2671875 0.628125
1 0.146875 0.6625 0.29296875 0.671875
1 0.07265625 0.296875 0.1046875 0.134375
1 0.23125 0.3953125 0.09375 0.26953125
1 0.3546875 0.71171875 0.18359375 0.5765625
1 0.32265625 0.39921875 0.0734375 0.115625
1 0.415625 0.4359375 0.14375 0.45546875
1 0.58515625 0.34921875 0.1453125 0.33828125
1 0.8015625 0.6890625 0.396875 0.621875
1 0.7296875 0.67109375 0.16875 0.47890625
1 0.7609375 0.3265625 0.11875 0.22578125
1 0.83125 0.30078125 0.07734375 0.1890625
1 0.9390625 0.5328125 0.12109375 0.38046875