1 0.8296875 0.61953125 0.1546875 0.58046875
1 0.090625 0.50390625 0.05625 0.08828125
1 0.0984375 0.45234375 0.01171875 0.03515625
1 0.1296875 0.496875 0.05078125 0.0875
1 0.1734375 0.45078125 0.015625 0.03125
1 0.18046875 0.44765625 0.01484375 0.03671875
1 0.26171875 0.64921875 0.16796875 0.49609375
1 0.19296875 0.44375 0.0125 0.03125
1 0.26796875 0.61875 0.10859375 0.4359375
1 0.26640625 0.37890625 0.03984375 0.09375
1 0.32890625 0.44609375 0.0234375 0.0484375
1 0.38984375 0.58671875 0.103125 0.4
1 0.48984375 0.58515625 0.07734375 0.36875
1 0.50703125 0.43046875 0.021875 0.0453125
1 0.56796875 0.5640625 0.090625 0.35703125
1 0.53515625 0.434375 0.0140625 0.04296875
1 0.61640625 0.4390625 0.04375 0.1171875
1 0.653125 0.540625 0.0890625 0.34921875
1 0.6828125 0.428125 0.02734375 0.0546875
1 0.73671875 0.546875 0.09453125 0.33828125
1 0.90546875 0.54609375 0.0703125 0.19140625
1 0.93671875 0.53671875 0.053125 0.19765625
1 0.97265625 0.528125 0.0546875 0.2984375