0 0.65078125 0.471875 0.14375 0.290625
0 0.03671875 0.36640625 0.01640625 0.03203125
0 0.04296875 0.35625 0.00703125 0.0203125
0 0.05078125 0.36328125 0.009375 0.02734375
0 0.13046875 0.39375 0.05 0.090625
0 0.14765625 0.353125 0.01640625 0.021875
0 0.16796875 0.35859375 0.01328125 0.03203125
0 0.41796875 0.68984375 0.42421875 0.41328125
0 0.2265625 0.359375 0.01328125 0.03125
0 0.3515625 0.3640625 0.1453125 0.03203125
0 0.51953125 0.38359375 0.02578125 0.0703125
0 0.55625 0.36640625 0.02578125 0.06328125