1 0.6484375 0.6484375 0.27734375 0.59375
1 0.04296875 0.60703125 0.0859375 0.18203125
1 0.18203125 0.51953125 0.0828125 0.1328125
1 0.27265625 0.5421875 0.07890625 0.1421875
1 0.315625 0.3984375 0.015625 0.03125
1 0.59765625 0.396875 0.01953125 0.06484375
1 0.64140625 0.37734375 0.00390625 0.03125
1 0.6625 0.384375 0.02421875 0.04296875
1 0.746875 0.2671875 0.03984375 0.053125
1 0.8359375 0.54765625 0.15 0.3421875
1 0.821875 0.36796875 0.046875 0.07421875
1 0.8328125 0.30078125 0.0359375 0.05703125
1 0.9 0.3765625 0.084375 0.134375