0 0.05625 0.55703125 0.025 0.0203125
0 0.075 0.6296875 0.0609375 0.16015625
0 0.15 0.63828125 0.1078125 0.2140625
0 0.125 0.5703125 0.0234375 0.01953125
0 0.35 0.71015625 0.11484375 0.28515625
0 0.45625 0.5671875 0.1078125 0.134375
0 0.45625 0.7203125 0.0875 0.296875
0 0.48984375 0.73515625 0.0703125 0.3296875
0 0.603125 0.5796875 0.06015625 0.128125
0 0.6625 0.7875 0.15 0.425
0 0.8140625 0.775 0.19140625 0.4234375
0 0.98125 0.85703125 0.0375 0.1234375
0 0.98203125 0.67109375 0.03359375 0.28203125