0 0.03125 0.58359375 0.0625 0.80859375
0 0.10390625 0.4765625 0.1515625 0.92265625
0 0.08671875 0.13515625 0.07109375 0.2296875
0 0.18359375 0.49140625 0.228125 0.98203125
0 0.3375 0.06796875 0.05625 0.1171875
0 0.378125 0.146875 0.125 0.29375
0 0.496875 0.49921875 0.20390625 0.96875
0 0.53203125 0.1078125 0.07421875 0.17734375
0 0.53828125 0.1640625 0.040625 0.15703125
0 0.76171875 0.4921875 0.3140625 0.97109375
0 0.83359375 0.0890625 0.04765625 0.08125
0 0.97109375 0.53984375 0.05546875 0.84296875