0 0.9046875 0.4671875 0.175 0.746875
0 0.06875 0.41796875 0.11875 0.63984375
0 0.121875 0.45703125 0.10234375 0.63828125
0 0.2078125 0.4890625 0.153125 0.73203125
0 0.2359375 0.1671875 0.0453125 0.14921875
0 0.28671875 0.3609375 0.10859375 0.4703125
0 0.3625 0.65234375 0.2125 0.61328125
0 0.38984375 0.28515625 0.15703125 0.31953125
0 0.43671875 0.18984375 0.06875 0.1390625
0 0.45703125 0.165625 0.02734375 0.0875
0 0.475 0.20234375 0.059375 0.1140625
0 0.51640625 0.31484375 0.13125 0.36328125
0 0.559375 0.15703125 0.065625 0.17578125
0 0.58828125 0.21328125 0.0734375 0.15078125
0 0.64140625 0.478125 0.17265625 0.64296875
0 0.7046875 0.38671875 0.08984375 0.60625
0 0.77421875 0.4453125 0.12890625 0.66171875